./2gram-8980.csv-------------------
id,narrow_count,elapsed_time,comparison,correct_count,count
0,10918.0,2.9933431148529053,6771897729.0,1.0,10919.0
1,9636.0,3.2382161617279053,6178473361.0,1.0,9637.0
2,6983.0,3.6644508838653564,5099079602.0,1.0,6984.0
3,4345.0,2.5997629165649414,3150010884.0,1.0,4346.0
4,2244.0,3.0927250385284424,2547884107.0,1.0,2245.0
5,904.0,2.9585840702056885,734808726.0,1.0,905.0
6,273.0,2.6135621070861816,540803140.0,1.0,274.0
7,54.0,2.8409600257873535,299396198.0,1.0,55.0
8,10.0,2.5123746395111084,216831606.0,1.0,11.0
9,4.0,2.9532570838928223,207364704.0,1.0,5.0
./3gram-8980.csv-------------------
id,narrow_count,elapsed_time,comparison,correct_count,count
0,9450.0,5.551378011703491,13637662553.0,1.0,9451.0
1,7638.0,3.355003833770752,10373398746.0,1.0,7639.0
2,4873.0,3.401571750640869,7923750172.0,1.0,4874.0
3,2602.0,4.2405030727386475,4508774545.0,1.0,2603.0
4,1174.0,4.417814016342163,2078121454.0,1.0,1175.0
5,446.0,2.6142311096191406,1460615840.0,1.0,447.0
6,157.0,5.514371156692505,563976247.0,1.0,158.0
7,48.0,3.331968069076538,533408928.0,1.0,49.0
8,10.0,4.014912128448486,336608166.0,1.0,11.0
9,5.0,4.066452980041504,231660056.0,1.0,6.0
./4gram-8980.csv-------------------
id,narrow_count,elapsed_time,comparison,correct_count,count
0,8032.0,5.899463891983032,21570106333.0,1.0,8033.0
1,5085.0,4.363005876541138,17732620698.0,1.0,5086.0
2,2731.0,5.061360120773315,9973293171.0,1.0,2732.0
3,1253.0,6.425542831420898,4643490116.0,1.0,1254.0
4,520.0,5.008282899856567,1889637520.0,1.0,521.0
5,230.0,4.818538665771484,1207489637.0,1.0,231.0
6,83.0,4.420406103134155,815882340.0,1.0,84.0
7,46.0,4.97362208366394,445277629.0,1.0,47.0
8,18.0,4.553023099899292,204088410.0,1.0,19.0
9,1.0,4.718523263931274,172272099.0,1.0,2.0
./5gram-8980.csv-------------------
id,narrow_count,elapsed_time,comparison,correct_count,count
0,7238.0,9.616452932357788,19262067053.0,1.0,7239.0
1,5691.0,7.985604763031006,19502251748.0,1.0,5692.0
2,3711.0,6.5264880657196045,13294840051.0,1.0,3712.0
3,2090.0,6.3714282512664795,7448330387.0,1.0,2091.0
4,989.0,7.007421970367432,3501867248.0,1.0,990.0
5,478.0,6.2465431690216064,2024038258.0,1.0,479.0
6,183.0,7.150994062423706,1165715420.0,1.0,184.0
7,74.0,5.515128135681152,539637391.0,1.0,75.0
8,33.0,8.023590087890625,410567319.0,1.0,34.0
9,9.0,7.794662952423096,258797941.0,1.0,10.0
./6gram-8980.csv-------------------
id,narrow_count,elapsed_time,comparison,correct_count,count
0,4031.0,5.848994731903076,3761231528.0,1.0,4032.0
1,2485.0,4.903482913970947,2675341427.0,1.0,2486.0
2,1376.0,4.362229108810425,1733554711.0,1.0,1377.0
3,656.0,5.1954381465911865,1082302317.0,1.0,657.0
4,246.0,6.11078405380249,584163506.0,1.0,247.0
5,90.0,5.077395915985107,435485541.0,1.0,91.0
6,55.0,5.085184097290039,327629812.0,1.0,56.0
7,39.0,6.347768068313599,691051513.0,1.0,40.0
8,13.0,5.687122821807861,204356872.0,1.0,14.0
9,5.0,4.998389005661011,285354473.0,1.0,6.0
./uc-8980.csv-------------------
id,narrow_count,elapsed_time,comparison,correct_count,count
0,12873.0,3.3299059867858887,5772276661.0,1.0,12874.0
1,4310.0,7.743084192276001,2750628406.0,1.0,4311.0
2,3739.0,2.7815330028533936,2339423938.0,1.0,3740.0
3,1791.0,2.960961103439331,1182077976.0,1.0,1792.0
4,589.0,3.7192161083221436,1071283956.0,1.0,590.0
5,393.0,2.0577752590179443,425867126.0,1.0,394.0
6,344.0,2.6104729175567627,268837106.0,1.0,73.0
./2gram-8989.csv-------------------
id,narrow_count,elapsed_time,comparison,correct_count,count
0,0,0,0,0,0
1,0,0,0,0,0
2,0,0,0,0,0
3,0,0,0,0,0
4,0,0,0,0,0
5,0,0,0,0,0
6,0,0,0,0,0
7,0,0,0,0,0
8,0,0,0,0,0
9,0,0,0,0,0
./3gram-8989.csv-------------------
id,narrow_count,elapsed_time,comparison,correct_count,count
0,71704.0,38.27821111679077,69075719274.0,1.0,70873.0
./2gram-8981.csv-------------------
id,narrow_count,elapsed_time,comparison,correct_count,count
0,16226.0,5.141824007034302,9312504079.0,1.0,16227.0
1,13648.0,4.896120071411133,7498253524.0,1.0,13649.0
2,9986.0,4.244935035705566,5704889199.0,1.0,9987.0
3,6293.0,4.882780075073242,4095680151.0,1.0,6294.0
4,3339.0,4.091902256011963,2553479176.0,1.0,3340.0
5,1325.0,5.897567987442017,1198413191.0,1.0,1326.0
6,396.0,3.7053699493408203,512740481.0,1.0,397.0
7,87.0,3.795562982559204,374186130.0,1.0,88.0
8,18.0,3.7645881175994873,193148527.0,1.0,19.0
9,5.0,4.014024972915649,197427223.0,1.0,6.0
./3gram-8981.csv-------------------
id,narrow_count,elapsed_time,comparison,correct_count,count
0,13355.0,6.959089994430542,9712468279.0,1.0,13356.0
1,9616.0,5.22113299369812,6316774272.0,1.0,9617.0
2,6418.0,5.5369791984558105,4558639602.0,1.0,6419.0
3,3502.0,6.152970314025879,2714647812.0,1.0,3503.0
4,1582.0,5.257415056228638,1202283836.0,1.0,1583.0
5,677.0,6.311014890670776,1175897640.0,1.0,678.0
6,277.0,5.597501039505005,449064384.0,1.0,278.0
7,84.0,5.736262083053589,297907205.0,1.0,85.0
8,26.0,4.926007032394409,248287384.0,1.0,27.0
9,7.0,6.736341953277588,246734881.0,1.0,8.0
./4gram-8981.csv-------------------
id,narrow_count,elapsed_time,comparison,correct_count,count
0,12372.0,9.056811094284058,23379855068.0,1.0,12373.0
1,7828.0,8.109880208969116,21822159170.0,1.0,7829.0
2,3267.0,8.001214981079102,7711201969.0,1.0,3268.0
3,1437.0,6.292973041534424,3211015380.0,1.0,1438.0
4,517.0,6.619777679443359,1338192378.0,1.0,518.0
5,184.0,7.259132146835327,737366099.0,1.0,185.0
6,58.0,7.10807204246521,446459880.0,1.0,59.0
7,25.0,5.481006145477295,201242204.0,1.0,26.0
8,2.0,1.8220160007476807,255810787.0,10.0,49.0
./2gram-8982.csv-------------------
id,narrow_count,elapsed_time,comparison,correct_count,count
0,0,0,0,0,0
1,0,0,0,0,0
2,0,0,0,0,0
3,0,0,0,0,0
4,0,0,0,0,0
5,0,0,0,0,0
6,0,0,0,0,0
7,0,0,0,0,0
8,0,0,0,0,0
9,0,0,0,0,0
./3gram-8982.csv-------------------
id,narrow_count,elapsed_time,comparison,correct_count,count
0,18713.0,9.381777048110962,21357795700.0,1.0,18714.0
1,14459.0,8.073685884475708,19694102915.0,1.0,14460.0
2,7745.0,7.286839723587036,11140506796.0,1.0,7746.0
3,3221.0,5.902302980422974,5364559721.0,1.0,3222.0
4,1313.0,6.914273977279663,2484032039.0,1.0,1314.0
5,404.0,7.928476810455322,924749032.0,1.0,405.0
6,147.0,6.485322952270508,455333490.0,1.0,148.0
./2gram-8983.csv-------------------
id,narrow_count,elapsed_time,comparison,correct_count,count
0,0,0,0,0,0
1,0,0,0,0,0
2,0,0,0,0,0
3,0,0,0,0,0
4,0,0,0,0,0
5,0,0,0,0,0
6,0,0,0,0,0
7,0,0,0,0,0
8,0,0,0,0,0
9,0,0,0,0,0
./3gram-8983.csv-------------------
id,narrow_count,elapsed_time,comparison,correct_count,count
0,1743.0,0.9810469150543213,1793883005.0,39.0,1744.0
1,17779.0,8.107367277145386,17333272122.0,1.0,15642.0
./2gram-8984.csv-------------------
id,narrow_count,elapsed_time,comparison,correct_count,count
0,38009.0,12.230694055557251,17659111110.0,1.0,38010.0
1,31364.0,12.611717224121094,13401185893.0,1.0,31365.0
2,21417.0,10.55190110206604,14425033220.0,1.0,21418.0
3,11945.0,10.09780502319336,8687772636.0,1.0,11946.0
4,4459.0,11.1473069190979,3177231018.0,1.0,4460.0
5,1156.0,11.010598182678223,1122259253.0,1.0,1157.0
6,223.0,13.60600996017456,568471723.0,1.0,224.0
7,29.0,13.524385213851929,398535373.0,1.0,30.0
8,6.0,11.910003900527954,221788338.0,1.0,7.0
9,1.0,11.123745203018188,171801149.0,1.0,2.0
./3gram-8984.csv-------------------
id,narrow_count,elapsed_time,comparison,correct_count,count
0,31819.0,15.085254907608032,26547785988.0,1.0,31820.0
1,19197.0,23.545814037322998,22462648537.0,1.0,19198.0
2,9224.0,26.803457021713257,11102967556.0,1.0,9225.0
3,4093.0,13.451656818389893,4884866954.0,1.0,4094.0
4,1601.0,12.344861030578613,2508542600.0,1.0,1602.0
5,558.0,15.933061838150024,981471461.0,1.0,559.0
6,155.0,11.901252031326294,489007761.0,1.0,156.0
7,39.0,14.165483951568604,288423095.0,1.0,40.0
8,0,0,0,0,0
./2gram-8985.csv-------------------
id,narrow_count,elapsed_time,comparison,correct_count,count
0,56798.0,20.19698691368103,43360717045.0,1.0,56799.0
1,52397.0,17.955912351608276,46043986310.0,1.0,52398.0
2,38579.0,16.162286043167114,35299913805.0,1.0,38580.0
3,24861.0,19.644535064697266,21724681263.0,1.0,24862.0
4,14644.0,18.020089864730835,13253655149.0,1.0,14645.0
5,6989.0,16.558172941207886,8198632336.0,1.0,6990.0
6,2653.0,15.896843910217285,3374745488.0,1.0,2654.0
7,831.0,14.3319091796875,1514667120.0,1.0,832.0
8,161.0,14.295508861541748,352826936.0,1.0,162.0
9,17.0,16.89799928665161,231751586.0,1.0,18.0
./3gram-8985.csv-------------------
id,narrow_count,elapsed_time,comparison,correct_count,count
0,44589.0,20.590651035308838,25499087770.0,1.0,44590.0
1,20571.0,18.453225135803223,14983596350.0,1.0,20572.0
2,8976.0,17.9156551361084,9368189864.0,1.0,8977.0
3,3934.0,17.639824151992798,4263772812.0,1.0,3935.0
4,1586.0,17.37272810935974,1863667520.0,1.0,1587.0
5,595.0,20.279640197753906,704213903.0,1.0,596.0
6,224.0,19.286497116088867,508181981.0,1.0,225.0
7,70.0,18.068718194961548,245778280.0,1.0,71.0
8,31.0,19.034485816955566,252711734.0,1.0,32.0
9,10.0,17.020957946777344,212364942.0,1.0,11.0
./4gram-8985.csv-------------------
id,narrow_count,elapsed_time,comparison,correct_count,count
0,26556.0,21.715154886245728,27470736357.0,1.0,26557.0
1,3067.0,23.7653329372406,4630780662.0,1.0,3068.0
2,1065.0,18.90049719810486,1699558619.0,1.0,1066.0
3,572.0,20.865365028381348,1175606450.0,1.0,573.0
4,418.0,19.666022062301636,581930578.0,1.0,419.0
5,315.0,22.947486877441406,893307328.0,1.0,316.0
6,239.0,18.470648050308228,789004775.0,1.0,240.0
7,166.0,18.133142948150635,376741161.0,1.0,167.0
8,127.0,21.706288814544678,553350958.0,1.0,128.0
9,49.0,18.926549911499023,351213765.0,1.0,50.0
./5gram-8985.csv-------------------
id,narrow_count,elapsed_time,comparison,correct_count,count
0,15294.0,26.52258825302124,43581424120.0,1.0,15295.0
1,3441.0,19.35503888130188,7906159728.0,1.0,3442.0
2,429.0,26.36770510673523,1604769121.0,1.0,430.0
3,969.0,19.397422075271606,989941869.0,1.0,401.0
./2gram-8986.csv-------------------
id,narrow_count,elapsed_time,comparison,correct_count,count
0,57850.0,18.237944841384888,36967189936.0,1.0,57851.0
1,52204.0,27.90108609199524,35644387459.0,1.0,52205.0
2,35105.0,17.930332899093628,15170773394.0,1.0,35106.0
3,17247.0,18.476217031478882,10109433319.0,1.0,17248.0
4,6200.0,17.605709075927734,3917109983.0,1.0,6201.0
5,1953.0,14.627473831176758,1920370834.0,1.0,1954.0
6,464.0,15.469254970550537,428586732.0,1.0,465.0
7,62.0,17.27100110054016,305231720.0,1.0,63.0
8,7.0,14.123916149139404,293379480.0,1.0,8.0
9,3.0,15.86250925064087,85713333.0,1.0,4.0
./3gram-8986.csv-------------------
id,narrow_count,elapsed_time,comparison,correct_count,count
0,47626.0,21.46485185623169,35930531758.0,1.0,47627.0
1,24369.0,22.24760413169861,19551704703.0,1.0,24370.0
2,6237.0,19.277374267578125,4294654260.0,1.0,6238.0
3,1684.0,17.716378927230835,1295693031.0,1.0,1685.0
4,894.0,19.92094898223877,874384953.0,1.0,895.0
5,436.0,20.875757932662964,668599686.0,1.0,437.0
6,0,0,0,0,0
./2gram-8987.csv-------------------
id,narrow_count,elapsed_time,comparison,correct_count,count
0,68542.0,22.205832958221436,36942326947.0,1.0,68543.0
1,62683.0,22.150556802749634,37823849175.0,1.0,62684.0
2,48017.0,18.443526029586792,26114189865.0,1.0,48018.0
3,27436.0,22.422306060791016,14484656486.0,1.0,27437.0
4,10956.0,20.51223874092102,6996478081.0,1.0,10957.0
5,3528.0,17.13014006614685,2499098034.0,1.0,3529.0
6,947.0,19.494343280792236,1211390709.0,1.0,948.0
7,169.0,21.9100501537323,427469769.0,1.0,170.0
8,49.0,16.234632968902588,309225080.0,1.0,50.0
9,10.0,19.151428937911987,64100016.0,1.0,11.0
./3gram-8987.csv-------------------
id,narrow_count,elapsed_time,comparison,correct_count,count
0,58779.0,34.21263885498047,105802629509.0,1.0,58780.0
1,45625.0,28.3878231048584,98072974066.0,1.0,45626.0
2,28132.0,32.352837800979614,59233992432.0,1.0,28133.0
3,15667.0,29.36688780784607,48937794205.0,1.0,15668.0
4,2556.0,24.12878918647766,5486399957.0,1.0,2557.0
./2gram-8988.csv-------------------
id,narrow_count,elapsed_time,comparison,correct_count,count
0,0,0,0,0,0
1,0,0,0,0,0
2,0,0,0,0,0
3,0,0,0,0,0
4,0,0,0,0,0
5,0,0,0,0,0
6,0,0,0,0,0
7,0,0,0,0,0
8,0,0,0,0,0
9,0,0,0,0,0
./3gram-8988.csv-------------------
id,narrow_count,elapsed_time,comparison,correct_count,count
0,64998.0,39.89577293395996,64960737329.0,1.0,64999.0
1,42156.0,32.607428789138794,47679483442.0,1.0,44758.0
